$ANSIBLE_VAULT;1.1;AES256
32346638373338646238623539646562363365306461616234366238656631643132323366386162
3064393838346438323437623337653864323030616162640a623431343638616638313263346162
31636133326661353333396466323964326363656233613636323130303037326130323232393861
3933303562376430350a303834623636323563386630633431373865383532633062643065396631
33643763666565613631626434633666343164336233353265316332643766333166316362323930
37663836313538653162353536343931666663393436323032656530356537373366323533333230
30633438383661383338366263333134326265366666373730313763383037346164663764653337
31616236356430363839303530663431333439666535663035306537613736343034336439306632
36646436616632383330653263626134323739663463363435653661376365613862333635326437
65313966306238663164333762383564333734316438626565353264326638363764383766383230
65323961616437353739353665623966356531353063363831313764343533366431336631613161
38633139393337386333316536646335636261666633383438313063393563323033303736613365
38373037643464313033646261316637353032356335626566336331353966656463346232353662
36303932396431376530313063383261323739623139353033333663616235343964356461386436
34393462363261666336383164373662393239383332383566356536393064653439363934373139
62313639653463306261633734363834386235303939353965333565363562376635326635326231
33663235666362623335323638393838613666643161316133323536363564363632306665363134
63646266646138323934623336303331376261653938333532626232396434323133353331323864
35393765663238623432383232353465643962633935336365306366393366373935373633393565
66333835303264316631393633376635373832386564613861303531336437363530373332316238
30343339343734393934613131326135666233386436366235623333333463323832373862313062
39333030643931303330636138303333303532666235336661393839663231343835393136333461
32636561353161636566393932613864386637336466643463356238616134393562656366623062
33633131363433363963363133363433656536323161313866656165383733666437356536643263
30306637376539363032616336323138376337653236323464373931313633333038303966306132
38306436386235666636356533336332363537653662386266616236333032666565303539663537
37666263623132393932623636313933653963646438336532626239376562663066323238363437
31613063336666613265343739343164623861376564303566633866636664323861303939396265
33663933646565336337333962386266366638303663363033616366326666373230616638306130
36646130616231623636333131363961323762323331643139396266346162613136626133613463
30613635316332393036313464643832326662343435663233353831646438313332383632633666
62383733313537303039303565653232623036353062646638313836653335393266373234306236
64626438363234633036616136356639623263663762613764656465333761643062616436623239
66636166623762636162363363646130656638333066616130393766356663363739656232363563
64356232623433313961306338393566356464623034383435373833666666366666323434313438
31316231356363353931663961663133666634383537363836383736666237633838623433333461
63656662376531633164366162643566303661333961373433623733366566643334343036376332
36313662333261326466373930363966393837623832656239363635306564626535373362393639
30313661383563353835346632616238366433646438396139306662376436653435386636333533
38616235383137336631633066623238633664366632393461636333383837386362353564393763
64346432326532393262393132633363636239633831353130323532306666376665306363336461
62666531306661343632386235383536633762313330316538316164333736626537643063343434
31386533363439373465376239383432386338343665626164333966393165353330623039346166
32343064656636363532346663613530633733626639663430623839366531626335373063336134
64353061313663356636633332633562383834653864346139613732393764393439613230633134
34336666313565363661633366396131343534316661343862363637303137303937633339313361
37303733306431303061373838383535656536373434626266346235363561383237383261643262
33653539323361633064383233373661383334396139613437343032323862376535353661643062
33666433396333303565313135616132663733346165663136366533393130656239326132373566
32313535376662366633643432336462616164626534366631663131626463396239383139656134
33643031623161343538616163643931366331653535663165646438393631353566373164643761
35636337333734373761363766353038396338316462306633303635343663363565313433336632
30643662636232396261646138613335636631623764633163386434306233303562366636633563
62356465396661646561663963646632643938646332666336373131306365656163353131316632
34643766313537383034626132336261663431393836353132313562363737623833313337383761
63343038353265306332346134633661346636303333383162626433306131656563303666656238
37356565373436336437393732393336316364343636316231636235353737623234346536393637
33666437393731656438386336323562383866643863643836333730663965303532313363626164
65663230613735316566373862313139623730313838386561643739386537373335316332646132
65663462643064383434633965663635366461336665346530643865393165613065373761643338
34316536636437336435663565656263643733356237373733323131373730666534333138653364
33326231356161313438366432633765373432356161643163393236306161666633313131303539
66306239646266653362623739303235363135646439333861663863663436633731373066643934
64353934346532616238393435366132623065346539373362363361313637346234613733623563
61373862633237353662633963366531623731303666646534616134626234346134303137396233
36343034656266306337663766646639323539643830313731656564323132393033636263393261
63323364356364326233303662316466316162393035373231666535366237396537636439393835
33343762633736326537616461393664623834633933346137633262663761363163366435386239
36626639366430646532326332363665373566356464626436353534383230643661383966353764
63363633376464613233633762313262373531353063303161306465363062636536353363313162
32653339323763396435613636643330326265353932636632636135393537306663376337643832
36636266376463663337633063613261383332383433343561613837396232393064373139363861
32346366336465373236323137643566636533373265346536643238626566663036666266613234
32373664376266313033333530636665613437306335376137383737663964313739323036363435
62356665343534363333303461646631616362646638323934376439393138393537313731353565
63643865343066313436653763353331353466653431333766363861386336396237303962353933
30363338356438616631356364336663346631386532346634356639333930613962303933366239
31363564643330666362316235653963386533303038656363306532383864366430643637643338
62653037646334346436653134386537626137626331643335666336356539396663646465376439
64613063666561326233313563353061366437366437616333626263346261346332653563393162
39326661396430353564393361363430396462393033386237633930623337346462396466636563
34306264383164303538336636393931303736393661623038316639376164393938363936646666
37616334653735333364363265303266616461333339373337666234663763396538633233333961
39353066666238333934633830313237633839646233633261653662616234633566356662666431
61666230326436373865613266303535303236393165353163333864383866346631333433616333
34386364393639313662663766663966303235356234383331643431643337643066626330633737
66313633393934333362343464613739616232376166663537313163646562346430646639613536
61396138353732336564376566336664316165616565346132306137376363393132626265343563
64356334376634633161393739356631323363313761663132353430303839313935393537386337
39353831616562383566383631393362333630356463313134663230326165663834303437316464
66613730396533326333633962393133613337393030316232656237636530393465336434386636
38383763396335636535343536663932616166393735363466373430666166313033343236396163
66646432666231303963613839393166656531356233663230666463636164666332383738303765
63653865313066636133323033313839383361636238643835316637653931643836363962393965
65323931616637303761346333623439343930656661636164633834616330383961343833306238
30366163636133356266343933353762343837323138353264303234326337363964623237303432
64643065383664616661326465643166313237613335373861643366653666623734383665393439
61373265353639376136336266346133613331386534323332653264613034313162323936343634
62356664363135633863303935333365363631306530623431373538323431663161663964333932
37376138653861386263636366653539343663353430313561343635663637383837643764643731
35386363643965636132653331336639373137366561666133386231386666656565666664323064
31636135306564636630386236356137396239663265393963353466313939326136666665386161
30396233343863643961336364363330656564306666643666613937613934376439313262663638
38616331383431653536326564326135323862323366636636363136636231653665653266323934
64643761343939626365353163346535633763343535383837376230376261326336303030353035
66366262326432313139633234643432616639306562613861353931376161643936343538396636
31633439626461623133326162643636376364613065646439316230633066656133613732373338
63356264333137666438633465373064616662653533653465356565323164396135363737313237
33623230303962636536626162646466326531633532613838363236333435393161653731373764
32303262303566626461306234373635313538376534333531356134333232363430616634613565
31313238656530326436386563613164333739343162393935386533373038396564383262613731
30363030616435313063393731393037623131616430656338393533346437306330646366656431
63363630643637666266346639326239313035313136306334373162383636323336363462313738
65656433616361346364643636646534373737633138613836313237633036306265373737383437
31303437646433336431306334373535656233343133633666643630393265363063376266613433
37643862373539663135643464386332343964636532666631653563363038646535666362373132
38326133366133336431396661363534333531653134333966636235336266616365613263663630
32623438326436366666636464656438373437393764303665303566373363343436363130633934
65366333303365316530303633656161343362396433333631363766333732323161613637356438
62616232653261316165663561643261373434653031623031313832303734363965343164383531
30646639656135326136363431326133616464323266643861646665336130333731316366646435
63643135323135393238383064393036383666653664306661623239343964643838353562323132
61613633666364613632653132626165633038653930636637613636653132613132633862663432
65616564393263626235326534393633663333333661386163663039633636653162373939306264
38373165656135646466313665626238333333643463326439383066306461646331306462343536
62336561626461616363396639616235616634656162376632386666303561336566393233343461
36343861636639363731316533386233393061623633646433373164656161326432343166333939
65353932316332643138316333373131363133303731373862656564323038386333616263313266
38333463363264386566353464633930353733626364666165643564613732656631326165306635
30383963323562643463313131663336353836373033333432613364613439316262343461393634
30623639363331666264343536363135383737643766653630666263633436663164323031303761
37643564343463663334363731626439353637313932616135343365306562383065346439613336
31343435303935303433353035393666376630366435303763393433333531363435346631653165
62366139363934363666363130663036663563356536356661366464616238326531613165306536
313061396338646361316363326635366339
