$ANSIBLE_VAULT;1.1;AES256
66333065663165343065613539616637366535393035343563623464653732666631306237336664
3232633434333031303866633230633434376636326634340a323361663766363862383561393932
36623131656633613339373161376234636365336139353461643066643464313137343561653333
6334663533373065390a373137313864393266663438363736663030336664623636613766336336
33626162393263613735363965623133376237316539313931383065626363366463373634306238
31333633303261333537633931386334396261373633333933383264363164626639633666616464
38363532376134363639323861366566623433393431383361613561363239646565343435663637
61356435643164363430633932353931643162643466633138333032373561626239383265383236
35396138336230366466666631356662363136653732323165656234653066366565353430646265
34353065346433306564646366336461356564343365396437363231323339376237366561303865
39373831646538393962366539316234303238343132373063393663653732323835333737313536
35326566313966643838326432626161323730656339333433653062643830373362303663386266
31643732663562373563613534613635363339333932653532353339643962356231653263656639
33326563353036353533333032393663616663376237336331646532616462343062616266666137
61396430653035646139393761303030386631373637333534663730666566393034366136333038
37376161613734316265303037616537336638623537303963393335633964336333666134346539
34323561616332653364343566323764303862633537623231616136616536383565353363323766
30633130333438633237616261643165393539386130393664363539343064383838333063316334
36313832383963303139326263366435636434306664336561376535373734383530323631663533
64373761383665326238646531616135613563643835366137366265303931373435646434613838
33616431306162363633643630316530373164643139306530623261623266656364353466346464
34623266336465663431656538366361396237383734303334623065373338323763383132653831
33343637363234383630313161316531393163643066336238383935653836346332396437656437
66616661646366623438653831616466616366323530313637666462306331356366346131393639
30393861636639356339306334393962373539363837626534363232396339363461363063346164
64343961356536343432656537316333643566636533616364633861306163663434663062653463
38663238343135326239363739396163353338313432383232313563306532356437613136613535
64613061303631653239326361663566643666363832313239633635633435306332356235626263
30376630616438653538626132303532336436646438363738303561343935326562343566366162
35663839343262386532373166323933336536336633613964333863363266313932643463306337
653239646630626130363630313936336435
